place(9.066, 1.000, -6.556, "Cowboy", 600)
upgrade(9.066, 2.350, -6.556, 200)

place(9.068, 1.000, -3.798, "Cowboy", 600)
upgrade(9.068, 2.350, -3.798, 200)

upgrade(9.068, 2.350, -3.798, 650)
upgrade(9.066, 2.350, -6.556, 650)
upgrade(9.068, 2.350, -3.798, 2400)
upgrade(9.066, 2.350, -6.556, 2400)

place(3.760, 1.000, 1.894, "DJ Booth", 850)
SetDjTrack(3.760, 2.359, 1.894, "Green", 0)

place(9.095, 1.000, -1.111, "Cowboy", 600)
upgrade(9.095, 2.350, -1.111, 190)
upgrade(9.095, 2.350, -1.111, 618)
upgrade(9.095, 2.350, -1.111, 2280)

place(9.102, 1.000, 1.596, "Cowboy", 600)
upgrade(9.102, 2.350, 1.596, 190)
upgrade(9.102, 2.350, 1.596, 618)
upgrade(9.102, 2.350, 1.596, 2280)

place(11.804, 1.000, -6.539, "Cowboy", 600)
upgrade(11.804, 2.350, -6.539, 190)
upgrade(11.804, 2.350, -6.539, 618)
upgrade(11.804, 2.350, -6.539, 2280)

place(11.789, 1.000, -3.732, "Cowboy", 600)
upgrade(11.789, 2.350, -3.732, 190)
upgrade(11.789, 2.350, -3.732, 618)
upgrade(11.789, 2.350, -3.732, 2280)

place(11.770, 1.000, -1.180, "Cowboy", 600)
upgrade(11.770, 2.350, -1.180, 190)
upgrade(11.770, 2.350, -1.180, 618)
upgrade(11.770, 2.350, -1.180, 2280)

place(11.711, 1.000, 1.629, "Cowboy", 600)
upgrade(11.711, 2.350, 1.629, 190)
upgrade(11.711, 2.350, 1.629, 618)
upgrade(11.711, 2.350, 1.629, 2280)

place(14.457, 1.000, -3.838, "Cowboy", 600)
upgrade(14.457, 2.350, -3.838, 190)
upgrade(14.457, 2.350, -3.838, 618)
upgrade(14.457, 2.350, -3.838, 2280)

place(14.484, 1.000, -1.026, "Cowboy", 600)
upgrade(14.484, 2.350, -1.026, 190)
upgrade(14.484, 2.350, -1.026, 618)
upgrade(14.484, 2.350, -1.026, 2280)

place(14.513, 1.000, 1.617, "Cowboy", 600)
upgrade(14.513, 2.350, 1.617, 190)
upgrade(14.513, 2.350, 1.617, 618)
upgrade(14.513, 2.350, 1.617, 2280)

place(9.148, 1.000, 4.551, "Hacker", 900)
upgrade(9.148, 2.403, 4.551, 119)
upgrade(9.148, 2.403, 4.551, 1271)

upgrade(3.760, 2.359, 1.894, 300)

place(14.406, 1.000, -6.448, "Cowboy", 600)
upgrade(14.406, 2.350, -6.448, 190)
upgrade(14.406, 2.350, -6.448, 618)
upgrade(14.406, 2.350, -6.448, 2280)

upgrade(3.760, 2.359, 1.894, 1250)
upgrade(3.760, 2.359, 1.894, 3000)
upgrade(3.760, 2.359, 1.894, 8000)
upgrade(3.760, 2.359, 1.894, 20000)

upgrade(9.066, 2.350, -6.556, 3613)
upgrade(9.068, 2.350, -3.798, 3613)
upgrade(9.095, 2.350, -1.111, 3613)
upgrade(9.102, 2.350, 1.596, 3613)
upgrade(11.804, 2.350, -6.539, 3613)
upgrade(11.789, 2.350, -3.732, 3613)
upgrade(11.770, 2.350, -1.180, 3613)
upgrade(11.711, 2.350, 1.629, 3613)
upgrade(14.406, 2.350, -6.448, 3613)
upgrade(14.457, 2.350, -3.838, 3613)
upgrade(14.484, 2.350, -1.026, 3613)
upgrade(14.513, 2.350, 1.617, 3613)

place(3.784, 1.000, -2.421, "Engineer", 600)
upgrade(3.784, 2.350, -2.421, 277)
upgrade(3.784, 2.350, -2.421, 765)
upgrade(3.784, 2.350, -2.421, 1766)
upgrade(3.784, 2.350, -2.421, 5313)
upgrade(3.784, 2.350, -2.421, 10625)

place(3.660, 1.000, -5.742, "Engineer", 600)
upgrade(3.660, 2.350, -5.742, 277)
upgrade(3.660, 2.350, -5.742, 765)
upgrade(3.660, 2.350, -5.742, 1766)
upgrade(3.660, 2.350, -5.742, 5313)
upgrade(3.660, 2.350, -5.742, 10625)

place(3.601, 1.000, -9.019, "Engineer", 600)
upgrade(3.601, 2.350, -9.019, 277)
upgrade(3.601, 2.350, -9.019, 765)
upgrade(3.601, 2.350, -9.019, 1766)
upgrade(3.601, 2.350, -9.019, 5313)
upgrade(3.601, 2.350, -9.019, 10625)

place(0.776, 1.000, -1.477, "Engineer", 600)
upgrade(0.776, 2.350, -1.477, 277)
upgrade(0.776, 2.350, -1.477, 765)
upgrade(0.776, 2.350, -1.477, 1766)
upgrade(0.776, 2.350, -1.477, 5313)
upgrade(0.776, 2.350, -1.477, 10625)

place(0.796, 1.000, -4.733, "Engineer", 600)
upgrade(0.796, 2.350, -4.733, 277)
upgrade(0.796, 2.350, -4.733, 765)
upgrade(0.796, 2.350, -4.733, 1766)
upgrade(0.796, 2.350, -4.733, 5313)
upgrade(0.796, 2.350, -4.733, 10625)

place(0.736, 1.000, -7.979, "Engineer", 600)
upgrade(0.736, 2.350, -7.979, 277)
upgrade(0.736, 2.350, -7.979, 765)
upgrade(0.736, 2.350, -7.979, 1766)
upgrade(0.736, 2.350, -7.979, 5313)
upgrade(0.736, 2.350, -7.979, 10625)

upgrade(9.066, 2.350, -6.556, 8288)
upgrade(9.068, 2.350, -3.798, 8288)
upgrade(9.095, 2.350, -1.111, 8288)
upgrade(9.102, 2.350, 1.596, 8288)
upgrade(11.804, 2.350, -6.539, 8288)
upgrade(11.789, 2.350, -3.732, 8288)
upgrade(11.770, 2.350, -1.180, 8288)
upgrade(11.711, 2.350, 1.629, 8288)
upgrade(14.406, 2.350, -6.448, 8288)
upgrade(14.457, 2.350, -3.838, 8288)
upgrade(14.484, 2.350, -1.026, 8288)
upgrade(14.513, 2.350, 1.617, 8288)

upgrade(3.802, 2.350, -2.430, 27625)
upgrade(3.744, 2.350, -5.732, 27625)
upgrade(3.847, 2.350, -9.068, 27625)
upgrade(0.785, 2.350, -1.470, 27625)
upgrade(0.775, 2.350, -4.776, 27625)
upgrade(0.761, 2.350, -7.993, 27625)

place(-2.411, 1.000, 1.402, "EvolvedJuggernaut", 8500)
upgrade(-2.411, 2.692, 1.402, 2550)
upgrade(-2.411, 2.692, 1.402, 5950)
upgrade(-2.411, 2.692, 1.402, 14620)
upgrade(-2.411, 2.692, 1.402, 29750)
upgrade(-2.411, 2.692, 1.402, 46750)
upgrade(-2.411, 2.692, 1.402, 85000)
upgrade(-2.411, 2.692, 1.402, 127500)

SetDjTrack(-0.044, 2.359, 1.850, "Red", 0)

upgrade(9.148, 2.403, 4.551, 6175)
upgrade(9.148, 2.403, 4.551, 22800)
upgrade(9.148, 2.403, 4.551, 50540)

place(9.171, 1.000, 7.797, "Hacker", 900)
upgrade(9.171, 2.403, 7.797, 120)
upgrade(9.171, 2.403, 7.797, 1273)
upgrade(9.171, 2.403, 7.797, 6175)
upgrade(9.171, 2.403, 7.797, 22800)
upgrade(9.171, 2.403, 7.797, 50540)